2022/07/21-10:26:34.585502 70000190b000 RocksDB version: 6.0.1
2022/07/21-10:26:34.585551 70000190b000 Git sha rocksdb_build_git_sha:662b8febcb785821b428023b4ce342d16d207bcb
2022/07/21-10:26:34.585553 70000190b000 Compile date Apr 21 2019
2022/07/21-10:26:34.585554 70000190b000 DB SUMMARY
2022/07/21-10:26:34.585617 70000190b000 CURRENT file:  CURRENT
2022/07/21-10:26:34.585619 70000190b000 IDENTITY file:  IDENTITY
2022/07/21-10:26:34.585624 70000190b000 MANIFEST file:  MANIFEST-000038 size: 206 Bytes
2022/07/21-10:26:34.585625 70000190b000 SST files in /Users/najmuddin/Project/kart/ori_shp/.geogig/graph.rocksdb dir, Total Num: 1, files: 000016.sst 
2022/07/21-10:26:34.585626 70000190b000 Write Ahead Log file in /Users/najmuddin/Project/kart/ori_shp/.geogig/graph.rocksdb: 000039.log size: 0 ; 
2022/07/21-10:26:34.585629 70000190b000                         Options.error_if_exists: 0
2022/07/21-10:26:34.585630 70000190b000                       Options.create_if_missing: 1
2022/07/21-10:26:34.585631 70000190b000                         Options.paranoid_checks: 1
2022/07/21-10:26:34.585631 70000190b000                                     Options.env: 0x12de205d8
2022/07/21-10:26:34.585632 70000190b000                                Options.info_log: 0x600002db62b0
2022/07/21-10:26:34.585633 70000190b000                Options.max_file_opening_threads: 16
2022/07/21-10:26:34.585634 70000190b000                              Options.statistics: 0x0
2022/07/21-10:26:34.585635 70000190b000                               Options.use_fsync: 0
2022/07/21-10:26:34.585636 70000190b000                       Options.max_log_file_size: 0
2022/07/21-10:26:34.585637 70000190b000                  Options.max_manifest_file_size: 1073741824
2022/07/21-10:26:34.585638 70000190b000                   Options.log_file_time_to_roll: 0
2022/07/21-10:26:34.585638 70000190b000                       Options.keep_log_file_num: 1000
2022/07/21-10:26:34.585639 70000190b000                    Options.recycle_log_file_num: 0
2022/07/21-10:26:34.585640 70000190b000                         Options.allow_fallocate: 1
2022/07/21-10:26:34.585641 70000190b000                        Options.allow_mmap_reads: 1
2022/07/21-10:26:34.585642 70000190b000                       Options.allow_mmap_writes: 1
2022/07/21-10:26:34.585642 70000190b000                        Options.use_direct_reads: 0
2022/07/21-10:26:34.585643 70000190b000                        Options.use_direct_io_for_flush_and_compaction: 0
2022/07/21-10:26:34.585644 70000190b000          Options.create_missing_column_families: 0
2022/07/21-10:26:34.585645 70000190b000                              Options.db_log_dir: 
2022/07/21-10:26:34.585646 70000190b000                                 Options.wal_dir: /Users/najmuddin/Project/kart/ori_shp/.geogig/graph.rocksdb
2022/07/21-10:26:34.585647 70000190b000                Options.table_cache_numshardbits: 6
2022/07/21-10:26:34.585647 70000190b000                      Options.max_subcompactions: 1
2022/07/21-10:26:34.585648 70000190b000                  Options.max_background_flushes: -1
2022/07/21-10:26:34.585649 70000190b000                         Options.WAL_ttl_seconds: 0
2022/07/21-10:26:34.585650 70000190b000                       Options.WAL_size_limit_MB: 0
2022/07/21-10:26:34.585651 70000190b000             Options.manifest_preallocation_size: 4194304
2022/07/21-10:26:34.585652 70000190b000                     Options.is_fd_close_on_exec: 1
2022/07/21-10:26:34.585652 70000190b000                   Options.advise_random_on_open: 1
2022/07/21-10:26:34.585653 70000190b000                    Options.db_write_buffer_size: 0
2022/07/21-10:26:34.585654 70000190b000                    Options.write_buffer_manager: 0x6000000a5830
2022/07/21-10:26:34.585655 70000190b000         Options.access_hint_on_compaction_start: 1
2022/07/21-10:26:34.585656 70000190b000  Options.new_table_reader_for_compaction_inputs: 0
2022/07/21-10:26:34.585656 70000190b000           Options.random_access_max_buffer_size: 1048576
2022/07/21-10:26:34.585657 70000190b000                      Options.use_adaptive_mutex: 0
2022/07/21-10:26:34.585658 70000190b000                            Options.rate_limiter: 0x0
2022/07/21-10:26:34.585679 70000190b000     Options.sst_file_manager.rate_bytes_per_sec: 0
2022/07/21-10:26:34.585680 70000190b000                       Options.wal_recovery_mode: 2
2022/07/21-10:26:34.585681 70000190b000                  Options.enable_thread_tracking: 0
2022/07/21-10:26:34.585682 70000190b000                  Options.enable_pipelined_write: 0
2022/07/21-10:26:34.585682 70000190b000         Options.allow_concurrent_memtable_write: 1
2022/07/21-10:26:34.585683 70000190b000      Options.enable_write_thread_adaptive_yield: 1
2022/07/21-10:26:34.585684 70000190b000             Options.write_thread_max_yield_usec: 100
2022/07/21-10:26:34.585685 70000190b000            Options.write_thread_slow_yield_usec: 3
2022/07/21-10:26:34.585686 70000190b000                               Options.row_cache: None
2022/07/21-10:26:34.585686 70000190b000                              Options.wal_filter: None
2022/07/21-10:26:34.585687 70000190b000             Options.avoid_flush_during_recovery: 0
2022/07/21-10:26:34.585688 70000190b000             Options.allow_ingest_behind: 0
2022/07/21-10:26:34.585689 70000190b000             Options.preserve_deletes: 0
2022/07/21-10:26:34.585690 70000190b000             Options.two_write_queues: 0
2022/07/21-10:26:34.585691 70000190b000             Options.manual_wal_flush: 0
2022/07/21-10:26:34.585691 70000190b000             Options.max_background_jobs: 2
2022/07/21-10:26:34.585692 70000190b000             Options.max_background_compactions: -1
2022/07/21-10:26:34.585693 70000190b000             Options.avoid_flush_during_shutdown: 0
2022/07/21-10:26:34.585694 70000190b000           Options.writable_file_max_buffer_size: 1048576
2022/07/21-10:26:34.585695 70000190b000             Options.delayed_write_rate : 16777216
2022/07/21-10:26:34.585695 70000190b000             Options.max_total_wal_size: 0
2022/07/21-10:26:34.585696 70000190b000             Options.delete_obsolete_files_period_micros: 21600000000
2022/07/21-10:26:34.585697 70000190b000                   Options.stats_dump_period_sec: 600
2022/07/21-10:26:34.585698 70000190b000                 Options.stats_persist_period_sec: 600
2022/07/21-10:26:34.585699 70000190b000                 Options.stats_history_buffer_size: 1048576
2022/07/21-10:26:34.585700 70000190b000                          Options.max_open_files: -1
2022/07/21-10:26:34.585701 70000190b000                          Options.bytes_per_sync: 67108864
2022/07/21-10:26:34.585701 70000190b000                      Options.wal_bytes_per_sync: 0
2022/07/21-10:26:34.585702 70000190b000       Options.compaction_readahead_size: 0
2022/07/21-10:26:34.585703 70000190b000 Compression algorithms supported:
2022/07/21-10:26:34.585704 70000190b000 	kZSTD supported: 1
2022/07/21-10:26:34.585705 70000190b000 	kZlibCompression supported: 1
2022/07/21-10:26:34.585706 70000190b000 	kXpressCompression supported: 0
2022/07/21-10:26:34.585707 70000190b000 	kSnappyCompression supported: 1
2022/07/21-10:26:34.585708 70000190b000 	kZSTDNotFinalCompression supported: 1
2022/07/21-10:26:34.585709 70000190b000 	kLZ4HCCompression supported: 1
2022/07/21-10:26:34.585710 70000190b000 	kLZ4Compression supported: 1
2022/07/21-10:26:34.585711 70000190b000 	kBZip2Compression supported: 1
2022/07/21-10:26:34.585712 70000190b000 Fast CRC32 supported: Not supported on x86
2022/07/21-10:26:34.585713 70000190b000 [/db_impl_readonly.cc:22] Opening the db in read only mode
2022/07/21-10:26:34.585751 70000190b000 [/version_set.cc:3517] Recovering from manifest file: MANIFEST-000038
2022/07/21-10:26:34.585780 70000190b000 [/column_family.cc:470] --------------- Options for column family [default]:
2022/07/21-10:26:34.585782 70000190b000               Options.comparator: leveldb.BytewiseComparator
2022/07/21-10:26:34.585783 70000190b000           Options.merge_operator: None
2022/07/21-10:26:34.585784 70000190b000        Options.compaction_filter: None
2022/07/21-10:26:34.585785 70000190b000        Options.compaction_filter_factory: None
2022/07/21-10:26:34.585785 70000190b000         Options.memtable_factory: SkipListFactory
2022/07/21-10:26:34.585786 70000190b000            Options.table_factory: BlockBasedTable
2022/07/21-10:26:34.585800 70000190b000            table_factory options:   flush_block_policy_factory: FlushBlockBySizePolicyFactory (0x600000cf0230)
  cache_index_and_filter_blocks: 0
  cache_index_and_filter_blocks_with_high_priority: 0
  pin_l0_filter_and_index_blocks_in_cache: 0
  pin_top_level_index_and_filter: 1
  index_type: 0
  hash_index_allow_collision: 1
  checksum: 1
  no_block_cache: 0
  block_cache: 0x600003fb81f8
  block_cache_name: LRUCache
  block_cache_options:
    capacity : 8388608
    num_shard_bits : 4
    strict_capacity_limit : 0
    memory_allocator : None
    high_pri_pool_ratio: 0.000
  block_cache_compressed: 0x0
  persistent_cache: 0x0
  block_size: 4096
  block_size_deviation: 10
  block_restart_interval: 16
  index_block_restart_interval: 1
  metadata_block_size: 4096
  partition_filters: 0
  use_delta_encoding: 1
  filter_policy: rocksdb.BuiltinBloomFilter
  whole_key_filtering: 1
  verify_compression: 1
  read_amp_bytes_per_bit: 0
  format_version: 2
  enable_index_compression: 1
  block_align: 0
2022/07/21-10:26:34.585803 70000190b000        Options.write_buffer_size: 67108864
2022/07/21-10:26:34.585804 70000190b000  Options.max_write_buffer_number: 2
2022/07/21-10:26:34.585805 70000190b000          Options.compression: NoCompression
2022/07/21-10:26:34.585806 70000190b000                  Options.bottommost_compression: Disabled
2022/07/21-10:26:34.585807 70000190b000       Options.prefix_extractor: nullptr
2022/07/21-10:26:34.585808 70000190b000   Options.memtable_insert_with_hint_prefix_extractor: nullptr
2022/07/21-10:26:34.585809 70000190b000             Options.num_levels: 7
2022/07/21-10:26:34.585809 70000190b000        Options.min_write_buffer_number_to_merge: 1
2022/07/21-10:26:34.585810 70000190b000     Options.max_write_buffer_number_to_maintain: 0
2022/07/21-10:26:34.585811 70000190b000            Options.bottommost_compression_opts.window_bits: -14
2022/07/21-10:26:34.585812 70000190b000                  Options.bottommost_compression_opts.level: 32767
2022/07/21-10:26:34.585813 70000190b000               Options.bottommost_compression_opts.strategy: 0
2022/07/21-10:26:34.585814 70000190b000         Options.bottommost_compression_opts.max_dict_bytes: 0
2022/07/21-10:26:34.585815 70000190b000         Options.bottommost_compression_opts.zstd_max_train_bytes: 0
2022/07/21-10:26:34.585815 70000190b000                  Options.bottommost_compression_opts.enabled: false
2022/07/21-10:26:34.585816 70000190b000            Options.compression_opts.window_bits: -14
2022/07/21-10:26:34.585817 70000190b000                  Options.compression_opts.level: 32767
2022/07/21-10:26:34.585818 70000190b000               Options.compression_opts.strategy: 0
2022/07/21-10:26:34.585819 70000190b000         Options.compression_opts.max_dict_bytes: 0
2022/07/21-10:26:34.585820 70000190b000         Options.compression_opts.zstd_max_train_bytes: 0
2022/07/21-10:26:34.585821 70000190b000                  Options.compression_opts.enabled: false
2022/07/21-10:26:34.585821 70000190b000      Options.level0_file_num_compaction_trigger: 4
2022/07/21-10:26:34.585822 70000190b000          Options.level0_slowdown_writes_trigger: 20
2022/07/21-10:26:34.585823 70000190b000              Options.level0_stop_writes_trigger: 36
2022/07/21-10:26:34.585824 70000190b000                   Options.target_file_size_base: 67108864
2022/07/21-10:26:34.585842 70000190b000             Options.target_file_size_multiplier: 1
2022/07/21-10:26:34.585843 70000190b000                Options.max_bytes_for_level_base: 268435456
2022/07/21-10:26:34.585844 70000190b000 Options.level_compaction_dynamic_level_bytes: 0
2022/07/21-10:26:34.585845 70000190b000          Options.max_bytes_for_level_multiplier: 10.000000
2022/07/21-10:26:34.585847 70000190b000 Options.max_bytes_for_level_multiplier_addtl[0]: 1
2022/07/21-10:26:34.585848 70000190b000 Options.max_bytes_for_level_multiplier_addtl[1]: 1
2022/07/21-10:26:34.585849 70000190b000 Options.max_bytes_for_level_multiplier_addtl[2]: 1
2022/07/21-10:26:34.585849 70000190b000 Options.max_bytes_for_level_multiplier_addtl[3]: 1
2022/07/21-10:26:34.585850 70000190b000 Options.max_bytes_for_level_multiplier_addtl[4]: 1
2022/07/21-10:26:34.585851 70000190b000 Options.max_bytes_for_level_multiplier_addtl[5]: 1
2022/07/21-10:26:34.585852 70000190b000 Options.max_bytes_for_level_multiplier_addtl[6]: 1
2022/07/21-10:26:34.585853 70000190b000       Options.max_sequential_skip_in_iterations: 8
2022/07/21-10:26:34.585854 70000190b000                    Options.max_compaction_bytes: 1677721600
2022/07/21-10:26:34.585854 70000190b000                        Options.arena_block_size: 8388608
2022/07/21-10:26:34.585855 70000190b000   Options.soft_pending_compaction_bytes_limit: 68719476736
2022/07/21-10:26:34.585856 70000190b000   Options.hard_pending_compaction_bytes_limit: 274877906944
2022/07/21-10:26:34.585857 70000190b000       Options.rate_limit_delay_max_milliseconds: 100
2022/07/21-10:26:34.585858 70000190b000                Options.disable_auto_compactions: 0
2022/07/21-10:26:34.585859 70000190b000                        Options.compaction_style: kCompactionStyleLevel
2022/07/21-10:26:34.585860 70000190b000                          Options.compaction_pri: kMinOverlappingRatio
2022/07/21-10:26:34.585861 70000190b000 Options.compaction_options_universal.size_ratio: 1
2022/07/21-10:26:34.585862 70000190b000 Options.compaction_options_universal.min_merge_width: 2
2022/07/21-10:26:34.585863 70000190b000 Options.compaction_options_universal.max_merge_width: 4294967295
2022/07/21-10:26:34.585863 70000190b000 Options.compaction_options_universal.max_size_amplification_percent: 200
2022/07/21-10:26:34.585864 70000190b000 Options.compaction_options_universal.compression_size_percent: -1
2022/07/21-10:26:34.585866 70000190b000 Options.compaction_options_universal.stop_style: kCompactionStopStyleTotalSize
2022/07/21-10:26:34.585866 70000190b000 Options.compaction_options_fifo.max_table_files_size: 1073741824
2022/07/21-10:26:34.585867 70000190b000 Options.compaction_options_fifo.allow_compaction: 0
2022/07/21-10:26:34.585868 70000190b000                   Options.table_properties_collectors: 
2022/07/21-10:26:34.585869 70000190b000                   Options.inplace_update_support: 0
2022/07/21-10:26:34.585870 70000190b000                 Options.inplace_update_num_locks: 10000
2022/07/21-10:26:34.585871 70000190b000               Options.memtable_prefix_bloom_size_ratio: 0.000000
2022/07/21-10:26:34.585872 70000190b000               Options.memtable_whole_key_filtering: 0
2022/07/21-10:26:34.585872 70000190b000   Options.memtable_huge_page_size: 0
2022/07/21-10:26:34.585873 70000190b000                           Options.bloom_locality: 0
2022/07/21-10:26:34.585874 70000190b000                    Options.max_successive_merges: 0
2022/07/21-10:26:34.585875 70000190b000                Options.optimize_filters_for_hits: 0
2022/07/21-10:26:34.585876 70000190b000                Options.paranoid_file_checks: 0
2022/07/21-10:26:34.585876 70000190b000                Options.force_consistency_checks: 0
2022/07/21-10:26:34.585877 70000190b000                Options.report_bg_io_stats: 0
2022/07/21-10:26:34.585878 70000190b000                               Options.ttl: 0
2022/07/21-10:26:34.585920 70000190b000 [/column_family.cc:470] --------------- Options for column family [metadata]:
2022/07/21-10:26:34.585922 70000190b000               Options.comparator: leveldb.BytewiseComparator
2022/07/21-10:26:34.585938 70000190b000           Options.merge_operator: None
2022/07/21-10:26:34.585939 70000190b000        Options.compaction_filter: None
2022/07/21-10:26:34.585940 70000190b000        Options.compaction_filter_factory: None
2022/07/21-10:26:34.585941 70000190b000         Options.memtable_factory: SkipListFactory
2022/07/21-10:26:34.585942 70000190b000            Options.table_factory: BlockBasedTable
2022/07/21-10:26:34.585951 70000190b000            table_factory options:   flush_block_policy_factory: FlushBlockBySizePolicyFactory (0x600000cf0260)
  cache_index_and_filter_blocks: 0
  cache_index_and_filter_blocks_with_high_priority: 0
  pin_l0_filter_and_index_blocks_in_cache: 0
  pin_top_level_index_and_filter: 1
  index_type: 0
  hash_index_allow_collision: 1
  checksum: 1
  no_block_cache: 0
  block_cache: 0x600003fb8298
  block_cache_name: LRUCache
  block_cache_options:
    capacity : 8388608
    num_shard_bits : 4
    strict_capacity_limit : 0
    memory_allocator : None
    high_pri_pool_ratio: 0.000
  block_cache_compressed: 0x0
  persistent_cache: 0x0
  block_size: 4096
  block_size_deviation: 10
  block_restart_interval: 16
  index_block_restart_interval: 1
  metadata_block_size: 4096
  partition_filters: 0
  use_delta_encoding: 1
  filter_policy: rocksdb.BuiltinBloomFilter
  whole_key_filtering: 1
  verify_compression: 1
  read_amp_bytes_per_bit: 0
  format_version: 2
  enable_index_compression: 1
  block_align: 0
2022/07/21-10:26:34.585953 70000190b000        Options.write_buffer_size: 67108864
2022/07/21-10:26:34.585954 70000190b000  Options.max_write_buffer_number: 2
2022/07/21-10:26:34.585955 70000190b000          Options.compression: NoCompression
2022/07/21-10:26:34.585956 70000190b000                  Options.bottommost_compression: Disabled
2022/07/21-10:26:34.585956 70000190b000       Options.prefix_extractor: nullptr
2022/07/21-10:26:34.585957 70000190b000   Options.memtable_insert_with_hint_prefix_extractor: nullptr
2022/07/21-10:26:34.585958 70000190b000             Options.num_levels: 7
2022/07/21-10:26:34.585959 70000190b000        Options.min_write_buffer_number_to_merge: 1
2022/07/21-10:26:34.585960 70000190b000     Options.max_write_buffer_number_to_maintain: 0
2022/07/21-10:26:34.585960 70000190b000            Options.bottommost_compression_opts.window_bits: -14
2022/07/21-10:26:34.585961 70000190b000                  Options.bottommost_compression_opts.level: 32767
2022/07/21-10:26:34.585962 70000190b000               Options.bottommost_compression_opts.strategy: 0
2022/07/21-10:26:34.585963 70000190b000         Options.bottommost_compression_opts.max_dict_bytes: 0
2022/07/21-10:26:34.585964 70000190b000         Options.bottommost_compression_opts.zstd_max_train_bytes: 0
2022/07/21-10:26:34.585965 70000190b000                  Options.bottommost_compression_opts.enabled: false
2022/07/21-10:26:34.585966 70000190b000            Options.compression_opts.window_bits: -14
2022/07/21-10:26:34.585966 70000190b000                  Options.compression_opts.level: 32767
2022/07/21-10:26:34.585967 70000190b000               Options.compression_opts.strategy: 0
2022/07/21-10:26:34.585968 70000190b000         Options.compression_opts.max_dict_bytes: 0
2022/07/21-10:26:34.585969 70000190b000         Options.compression_opts.zstd_max_train_bytes: 0
2022/07/21-10:26:34.585970 70000190b000                  Options.compression_opts.enabled: false
2022/07/21-10:26:34.585970 70000190b000      Options.level0_file_num_compaction_trigger: 4
2022/07/21-10:26:34.585971 70000190b000          Options.level0_slowdown_writes_trigger: 20
2022/07/21-10:26:34.585972 70000190b000              Options.level0_stop_writes_trigger: 36
2022/07/21-10:26:34.585973 70000190b000                   Options.target_file_size_base: 67108864
2022/07/21-10:26:34.585974 70000190b000             Options.target_file_size_multiplier: 1
2022/07/21-10:26:34.585974 70000190b000                Options.max_bytes_for_level_base: 268435456
2022/07/21-10:26:34.585975 70000190b000 Options.level_compaction_dynamic_level_bytes: 0
2022/07/21-10:26:34.585989 70000190b000          Options.max_bytes_for_level_multiplier: 10.000000
2022/07/21-10:26:34.585990 70000190b000 Options.max_bytes_for_level_multiplier_addtl[0]: 1
2022/07/21-10:26:34.585991 70000190b000 Options.max_bytes_for_level_multiplier_addtl[1]: 1
2022/07/21-10:26:34.585992 70000190b000 Options.max_bytes_for_level_multiplier_addtl[2]: 1
2022/07/21-10:26:34.585993 70000190b000 Options.max_bytes_for_level_multiplier_addtl[3]: 1
2022/07/21-10:26:34.585993 70000190b000 Options.max_bytes_for_level_multiplier_addtl[4]: 1
2022/07/21-10:26:34.585994 70000190b000 Options.max_bytes_for_level_multiplier_addtl[5]: 1
2022/07/21-10:26:34.585995 70000190b000 Options.max_bytes_for_level_multiplier_addtl[6]: 1
2022/07/21-10:26:34.585996 70000190b000       Options.max_sequential_skip_in_iterations: 8
2022/07/21-10:26:34.585997 70000190b000                    Options.max_compaction_bytes: 1677721600
2022/07/21-10:26:34.585998 70000190b000                        Options.arena_block_size: 8388608
2022/07/21-10:26:34.585998 70000190b000   Options.soft_pending_compaction_bytes_limit: 68719476736
2022/07/21-10:26:34.585999 70000190b000   Options.hard_pending_compaction_bytes_limit: 274877906944
2022/07/21-10:26:34.586000 70000190b000       Options.rate_limit_delay_max_milliseconds: 100
2022/07/21-10:26:34.586001 70000190b000                Options.disable_auto_compactions: 0
2022/07/21-10:26:34.586002 70000190b000                        Options.compaction_style: kCompactionStyleLevel
2022/07/21-10:26:34.586003 70000190b000                          Options.compaction_pri: kMinOverlappingRatio
2022/07/21-10:26:34.586003 70000190b000 Options.compaction_options_universal.size_ratio: 1
2022/07/21-10:26:34.586004 70000190b000 Options.compaction_options_universal.min_merge_width: 2
2022/07/21-10:26:34.586005 70000190b000 Options.compaction_options_universal.max_merge_width: 4294967295
2022/07/21-10:26:34.586006 70000190b000 Options.compaction_options_universal.max_size_amplification_percent: 200
2022/07/21-10:26:34.586007 70000190b000 Options.compaction_options_universal.compression_size_percent: -1
2022/07/21-10:26:34.586008 70000190b000 Options.compaction_options_universal.stop_style: kCompactionStopStyleTotalSize
2022/07/21-10:26:34.586009 70000190b000 Options.compaction_options_fifo.max_table_files_size: 1073741824
2022/07/21-10:26:34.586009 70000190b000 Options.compaction_options_fifo.allow_compaction: 0
2022/07/21-10:26:34.586010 70000190b000                   Options.table_properties_collectors: 
2022/07/21-10:26:34.586011 70000190b000                   Options.inplace_update_support: 0
2022/07/21-10:26:34.586012 70000190b000                 Options.inplace_update_num_locks: 10000
2022/07/21-10:26:34.586013 70000190b000               Options.memtable_prefix_bloom_size_ratio: 0.000000
2022/07/21-10:26:34.586014 70000190b000               Options.memtable_whole_key_filtering: 0
2022/07/21-10:26:34.586014 70000190b000   Options.memtable_huge_page_size: 0
2022/07/21-10:26:34.586015 70000190b000                           Options.bloom_locality: 0
2022/07/21-10:26:34.586016 70000190b000                    Options.max_successive_merges: 0
2022/07/21-10:26:34.586017 70000190b000                Options.optimize_filters_for_hits: 0
2022/07/21-10:26:34.586018 70000190b000                Options.paranoid_file_checks: 0
2022/07/21-10:26:34.586018 70000190b000                Options.force_consistency_checks: 0
2022/07/21-10:26:34.586019 70000190b000                Options.report_bg_io_stats: 0
2022/07/21-10:26:34.586020 70000190b000                               Options.ttl: 0
2022/07/21-10:26:34.586620 70000190b000 [/version_set.cc:3731] Recovered from manifest file:/Users/najmuddin/Project/kart/ori_shp/.geogig/graph.rocksdb/MANIFEST-000038 succeeded,manifest_file_number is 38, next_file_number is 40, last_sequence is 1, log_number is 0,prev_log_number is 0,max_column_family is 1,min_log_number_to_keep is 0
2022/07/21-10:26:34.586625 70000190b000 [/version_set.cc:3739] Column family [default] (ID 0), log number is 37
2022/07/21-10:26:34.586650 70000190b000 [/version_set.cc:3739] Column family [metadata] (ID 1), log number is 37
2022/07/21-10:26:34.586733 70000190b000 EVENT_LOG_v1 {"time_micros": 1658370394586729, "job": 1, "event": "recovery_started", "log_files": [39]}
2022/07/21-10:26:34.586737 70000190b000 [/db_impl_open.cc:583] Recovering log #39 mode 2
2022/07/21-10:26:34.586771 70000190b000 EVENT_LOG_v1 {"time_micros": 1658370394586769, "job": 1, "event": "recovery_finished"}
2022/07/21-10:26:34.611966 70000190b000 [/db_impl.cc:390] Shutdown: canceling all background work
2022/07/21-10:26:34.612009 70000190b000 [/db_impl.cc:563] Shutdown complete
